14021627
14021628
14021629
14021630
14021631
14021632
14021633
14021634
14021635
14021636
14021637
14021638
14021639
14021640
14021641
14021642
14021643
14021644
14021645
14021646
14021647
14021648
14021649
14021650
14021651
14021653
14021654
14021655
14021656
14021712
14021713
14021715
14021716
14021717
14021718
14021719
14021771
14021772
14021773
14021774
14021775
14021776
14021777
14021778
14021831
14021832
14021833
14021834
14021835
14021836
14021837
14021840
14021841
14021842
14021843
14021844
14021845
14021846
14021847
14021848
14021849
14021850
14021851
14021853
14021854
14021855
14021856
14021859
14021861
14021863
14021864
14021866
14021867
14021981
14021982
14021983
14021984
14021985
14021986
14021987
14021988
14021989
14021990
14021991
14021992
14021993
14021994
14021995
14021996
14021997
14021998
14021999
14022000
14022001
14022002
14022003
14022004
14022005
14022006
14022007
14022008
14022009
14022010
14022011
14022012
14022013
14022014
14022015
14022016
14022017
14022018
14022019
14022020
14022021
14022022
14022023
14022024
14022025
14022026
14022027
14022028
14022029
14022030
14022031
14022032
14022033
14022034
14022035
14022036
14022037
14022038
14022039
14022041
14022042
14022043
14022044
14022101
14022102
14022103
14022104
14022105
14022106
14022107
14022108
14022109
14022110
14022111
14022112
14022113
14022114
14022115
14022116
14022117
14022118
14022119
14022120
14022121
14022122
14022123
14022124
14022125
14022126
14022127
14022128
14022129
14022130
14022131
14022132
14022133
14022134
14022135
14022136
14022137
14022138
14022139
14022140
14022141
14022142
14022143
14022144
14022145
14022146
14022147
14022148
14022149
14022150
14022151
14022152
14022154
14022155
14022201
14022202
14022203
14022204
14022205
14022206
14022207
14022208
14022209
14022210
14022211
14022212
14022213
14022214
14022215
14022216
14022217
14022218
14022219
14022220
14022221
14022222
14022223
14022224
14022225
14022226
14022227
14022228
14022229
14022230
14022231
14022232
14022281
14022282
14022283
14022284
14022285
14022286
14022287
14022288
14022289
14022290
14022291
14022292
14022293
14022294
14022295
14022296
14022297
14022298
14022299
14022300
14022301
14022302
14022303
14022304
14022305
14022306
14022361
14022362
14022363
14022364
14022365
14022366
14022367
14022368
14022369
14022370
14022371
14022372
14022373
14022374
14022375
14022376
14022377
14022378
14022379
14022380
14022381
14022382
14022383
14022384
14022385
14022386
14022387
14022388
14022389
14022390
14022391
14022392
14022393
14022394
14022395
14022396
14022397
14022398
14022399
14022400
14022401
14022402
14022403
14022404
14022405
14022406
14022407
14022408
14022409
14022410
14022411
14022412
14022413
14022414
14022415
14022416
14022417
14022418
14022419
14022420
14022421
14022422
14022423
14022424
14022425
14022426
14022427
14022541
14022542
14022543
14022544
14022545
14022546
14022547
14022548
14022549
14022550
14022551
14022552
14022553
14022554
14022555
14022556
14022557
14022558
14022559
14022560
14022561
14022562
14022563
14022564
14022565
14022566
14022567
14022568
14022569
14022571
14022572
14022573
14022574
14022575
14022576
14022577
14022578
14022579
14022580
14022581
14022582
14022583
14022631
14022633
14022634
14022635
14022636
14022637
14022638
14022639
14022640
14022641
14022642
14022643
14022644
14022645
14022646
14022647
14022648
14022649
14022650
14022651
14022652
14022653
14022654
14022655
14022656
14022657
14022658
14022659
14022711
14022712
14022713
14022714
14022715
14022716
14022717
14022718
14022719
14022720
14022721
14022722
14022723
14022724
14022725
14022726
14022727
14022781
14022782
14022784
14022785
14022786
14022787
14022788
14022790
14022791
14022792
14022793
14022794
14022795
14022796
14022797
14022798
14022799
14022800
14022801
14022802
14022803
14022804
14022805
14022806
14022807
14022851
14022852
14022853
14022854
14022855
14022856
14022857
14022859
14022860
14022861
14022862
14022863
14022864
14022866
14022867
14022869
14022870
14022871
14022873
14022874
14022875
14022876
14022877
14022878
14022879
14022880
14022881
14022882
14022883
14022884
14022885
14022991
14022992
14022993
14022994
14022995
14022996
14022997
14022998
14022999
14023000
14023001
14023002
14023003
14023004
14023005
14023006
14023007
14023008
14023009
14023010
14023011
14023012
14023013
14023014
14023015
14023016
14023017
14023018
14023019
14023020
14023021
14023022
14023023
14023024
14023025
14023026
14023027
14023028
14023029
14023030
14023031
14023033
14023034
14023035
14023036
14023037
14023038
14023039
14023040
14023041
14023042
14023043
14023044
14023045
14023046
14023047
14023048
14023049
14023050
14023101
14023102
14023103
14023104
14023105
14023106
14023107
14023108
14023109
14023110
14023111
14023112
14023113
14023114
14023115
14023116
14023117
14023118
14023119
14023120
14023121
14023122
14023123
14023124
14023171
14023172
14023173
14023174
14023175
14023176
14023177
14023178
14023179
14023180
14023181
14023182
14023183
14023184
14023185
14023186
14023187
14023188
14023189
14023190
14023242
14023243
14023244
14023245
14023246
14023247
14023248
14023249
14023250
14023251
14023252
14023253
14023254
14023255
14023256
14023257
14023301
14023302
14023303
14023304
14023305
14023306
14023307
14023308
14023309
14023310
14023311
14023312
14023313
14023314
14023315
14023316
14023317
14023318
14023319
14023320
14023321
14023322
14023323
14023324
14023325
14023326
14023327
14023328
14023329
14023330
14023331
14023332
14023333
14023334
14023335
14023336
14023337
14023338
14023339
14023340
14023341
14023342
14023343
14023344
14023345
14023346
14023347
14023348
14023349
14023350
14023351
14023352
14023353
14023354
14023355
14023356
14023357
14023461
14023462
14023463
14023464
14023465
14023466
14023467
14023468
14023469
14023470
14023471
14023472
14023473
14023474
14023475
14023476
14023477
14023478
14023479
14023480
14023481
14023482
14023483
14023484
14023485
14023486
14023487
14023488
14023489
14023490
14023491
14023492
14023493
14023494
14023495
14023496
14023497
14023498
14023499
14023500
14023501
14023502
14023503
14023504
14023505
14023506
14023507
14023508
14023509
14023510
14023511
14023512
14023513
14023514
14023515
14023516
14023517
14023518
14023519
14023520
14023521
14023522
14023523
14023524
14023525
14023581
14023582
14023583
14023584
14023585
14023586
14023587
14023588
14023589
14023590
14023591
14023592
14023593
14023594
14023595
14023596
14023597
14023598
14023599
14023600
14023601
14023602
14023603
14023605
14023606
14023607
14023608
14023609
14023610
14023611
14023612
14023613
14023614
14023615
14023616
14023617
14023618
14023619
14023620
14023621
14023622
14023623
14023624
14023625
14023626
14023627
14023628
14023629
14023630
14023631
14023632
14023633
14023634
14023635
14023636
14023637
14023638
14023639
14023640
14023681
14023682
14023683
14023684
14023685
14023686
14023687
14023688
14023689
14023690
14023691
14023692
14023693
14023694
14023695
14023696
14023697
14023698
14023699
14023700
14023701
14023702
14023703
14023704
14023705
14023706
14023707
14023708
14023709
14023710
14023711
14023712
14023713
14023714
14023715
14023716
14023717
14023718
14023719
14023720
14023721
14023722
14023723
14023724
14023725
14023726
14023771
14023772
14023773
14023774
14023775
14023776
14023777
14023778
14023779
14023780
14023781
14023782
14023783
14023784
14023785
14023786
14023787
14023788
14023789
14023790
14023791
14023792
14023793
14023794
14023795
14023796
14023797
14023798
14023799
14023800
14023801
14023802
14023803
14023804
14023805
14023806
14023807
14023808
14023809
14023810
14023851
14023852
14023853
14023854
14023855
14023856
14023857
14023858
14023859
14023860
14023861
14023862
14023863
14023864
14023865
14023866
14023867
14023869
14023870
14023871
14023872
14023873
14023874
14023876
14023877
14023878
14023879
14023880
14023881
14023882
14023883
14023884
14023885
14023886
14023887
14023888
14023889
14023890
14023891
14023892
14023893
14023894
14023895
14023896
14023897
14023898
14023899
14023900
14023901
14023902
14023903
14023904
14023905
14023906
14023907
14023908
14023909
14023910
14023911
14023912
14023913
14023914
14023915
14023916
14024021
14024023
14024024
14024025
14024026
14024027
14024028
14024029
14024030
14024031
14024032
14024033
14024034
14024035
14024036
14024037
14024038
14024039
14024040
14024041
14024042
14024043
14024044
14024045
14024046
14024047
14024048
14024049
14024050
14024051
14024052
14024053
14024054
14024056
14024057
14024058
14024059
14024111
14024112
14024113
14024114
14024115
14024116
14024117
14024118
14024119
14024120
14024121
14024122
14024123
14024124
14024125
14024126
14024127
14024128
14024129
14024130
14024131
14024132
14024133
14024134
14024136
14024137
14024138
14024139
14024140
14024141
14024142
14024143
14024144
14024145
14024146
14024147
14024148
14024149
14024150
14024151
14024152
14024153
14024154
14024155
14024156
14024157
14024158
14024159
14024160
14024161
14024211
14024213
14024215
14024216
14024217
14024218
14024219
14024220
14024221
14024222
14024223
14024224
14024225
14024226
14024229
14024230
14024231
14024232
14024233
14024234
14024235
14024236
14024237
14024238
14024239
14024240
14024241
14024242
14024244
14024245
14024246
14024247
14024301
14024302
14024303
14024304
14024305
14024306
14024307
14024308
14024309
14024310
14024311
14024312
14024313
14024314
14024315
14024316
14024317
14024318
14024319
14024320
14024321
14024322
14024323
14024324
14024325
14024381
14024382
14024383
14024384
14024385
14024386
14024387
14024388
14024389
14024390
14024391
14024392
14024393
14024394
14024395
14024396
14024397
14024398
14024399
14024400
14024401
14024402
14024451
14024452
14024453
14024454
14024455
14024456
14024457
14024460
14024461
14024462
14024463
14024464
14024465
14024466
14024467
14024468
14024470
14024471
14024472
14024474
14024475
14024476
14024477
14024478
14024480
14024481
14024482
14024483
14024484
14024485
14024486
14024487
14024488
14024489
14024490
14024491
14024492
14024494
14024495
14024496
14024498
14024499
14024500
14024501
14024502
14024503
14024504
14024505
14024506
14024507
14024508
14024509
14024511
14024512
14024513
14024514
14024515
14024516
14024517
14024518
14024519
14024520
14024521
14024522
14024523
14024524
14024525
14024526
14024527
14024528
14024529
14024530
14024531
14024532
14024533
14024534
14024651
14024652
14024653
14024654
14024655
14024656
14024657
14024658
14024659
14024660
14024661
14024662
14024663
14024664
14024665
14024666
14024667
14024668
14024669
14024670
14024671
14024673
14024674
14024675
14024676
14024677
14024678
14024679
14024680
14024681
14024682
14024683
14024684
14024685
14024686
14024687
14024688
14024689
14024690
14024691
14024692
14024693
14024694
14024695
14024696
14024697
14024698
14024699
14024751
14024752
14024753
14024754
14024755
14024756
14024757
14024758
14024759
14024760
14024761
14024762
14024763
14024764
14024765
14024766
14024767
14024768
14024769
14024770
14024771
14024772
14024774
14024775
14024776
14024777
14024778
14024779
14024780
14024781
14024782
14024784
14024785
14024786
14024787
14024788
14024841
14024842
14024843
14024844
14024845
14024846
14024847
14024848
14024849
14024850
14024851
14024852
14024853
14024854
14024855
14024856
14024857
14024911
14024912
14024913
14024914
14024915
14024917
14024918
14024919
14024920
14024921
14024922
14024923
14024924
14024925
14024926
14024927
14024928
14024981
14024982
14024983
14024984
14024985
14024986
14024987
14024988
14024989
14024990
14024993
14024994
14024995
14024996
14024997
14024998
14024999
14025000
14025002
14025003
14025004
14025005
14025006
14025007
14025008
14025009
14025010
14025011
14025012
14025013
14025015
14025016
14025017
14025018
14025019
14025020
14025021
14025022
14025023
14025024
14025025
14025026
14025027
14025028
14025029
14025030
14025031
14025032
14025033
14025034
14025035
14025151
14025152
14025153
14025154
14025155
14025156
14025157
14025158
14025159
14025160
14025161
14025162
14025163
14025164
14025165
14025166
14025167
14025168
14025169
14025170
14025171
14025172
14025173
14025174
14025175
14025176
14025177
14025178
14025179
14025180
14025181
14025182
14025183
14025184
14025185
14025186
14025187
14025188
14025189
14025190
14025191
14025192
14025193
14025194
14025195
14025196
14025197
14025198
14025199
14025200
14025201
14025202
14025203
14025204
14025205
14025251
14025252
14025253
14025254
14025255
14025256
14025257
14025258
14025259
14025260
14025261
14025262
14025263
14025264
14025266
14025267
14025268
14025269
14025270
14025271
14025272
14025274
14025275
14025276
14025277
14025278
14025279
14025331
14025332
14025333
14025334
14025335
14025336
14025337
14025338
14025339
14025340
14025341
14025342
14025343
14025344
14025345
14025346
14025347
14025348
14025349
14025350
14025351
14025352
14025353
14025354
14025355
14025356
14025357
14025358
14025359
14025360
14025361
14025362
14025363
14025364
14025365
14025366
14025367
14025368
14025369
14025370
14025371
14025372
14025373
14025374
14025375
14025376
14025377
14025378
14025379
14025380
14025381
14025382
14025383
14025384
14025385
14025386
14025387
14025388
14025501
14025502
14025503
14025504
14025505
14025506
14025507
14025508
14025509
14025510
14025511
14025513
14025514
14025515
14025516
14025517
14025518
14025519
14025520
14025521
14025522
14025523
14025524
14025525
14025526
14025527
14025528
14025529
14025530
14025531
14025532
14025533
14025534
14025535
14025536
14025537
14025538
14025539
14025540
14025541
14025542
14025543
14025544
14025545
14025546
14025547
14025548
14025549
14025550
14025551
14025552
14025553
14025554
14025555
14025556
14025557
14025558
14025559
14025560
14025561
14025562
14025563
14025564
14025565
14025566
14025567
14025621
14025622
14025623
14025624
14025625
14025626
14025627
14025628
14025629
14025630
14025631
14025633
14025634
14025636
14025637
14025638
14025639
14025640
14025641
14025642
14025643
14025644
14025645
14025646
14025647
14025648
14025649
14025650
14025651
14025652
14025653
14025654
14025655
14025711
14025712
14025713
14025714
14025715
14025716
14025717
14025718
14025719
14025720
14025721
14025722
14025723
14025724
14025725
14025726
14025727
14025728
14025729
14025730
14025791
14025792
14025793
14025794
14025795
14025796
14025797
14025798
14025799
14025800
14025801
14025802
14025803
14025804
14025805
14025806
14025807
14025808
14025809
14025810
14025811
14025812
14025813
14025814
14025815
14025871
14025872
14025873
14025874
14025875
14025876
14025877
14025878
14025879
14025880
14025881
14025882
14025883
14025884
14025885
14025886
14025887
14025888
14025889
14025890
14025891
14025892
14025893
14025894
14025895
14025896
14025897
14025898
14025899
14025900
14025901
14025902
14025903
14025904
14025905
14025906
14025907
14025908
14025909
14025910
14025911
14025912
14025913
14025914
14025915
14025916
14025917
14025918
14025919
14025920
14025921
14025922
14025923
14025924
14025925
14025926
14025927
14025928
14025929
14025930
14025931
14025932
14025933
14025934
14025935
14025936
14025937
14025938
14025939
14025940
14025941
14025942
14025943
14025944
14025945
14025946
14025947
14025948
14025949
14025950
14025951
14025952
14026071
14026072
14026073
14026074
14026075
14026076
14026077
14026078
14026079
14026080
14026081
14026082
14026083
14026084
14026085
14026086
14026087
14026088
14026089
14026090
14026091
14026092
14026152
14026153
14026155
14026156
14026157
14026158
14026161
14026162
14026164
14026165
14026166
14026168
14026169
14026170
14026171
14026172
14026173
14026174
14026175
14026176
14026177
14026178
14026179
14026231
14026232
14026233
14026234
14026235
14026236
14026237
14026238
14026239
14026240
14026241
14026242
14026301
14026302
14026303
14026304
14026305
14026306
14026307
14026308
14026309
14026310
14026361
14026363
14026364
14026365
14026366
14026367
14026368
14026369
14026370
14026371
14026372
14026373
14026374
14026375
14026376
14026377
14026378
14026379
14026380
14026381
14026382
14026383
14026384
14026385
14026386
14026387
14026388
14026389
14026390
14026391
14026392
14026393
14026394
14026395
14026396
14026397
14026398
14026399
14026400
14026401
14026402
14026403
14026405
14026406
14026407
14026408
14026409
14026410
14026411
14026412
14026413
14026414
14026415
14026416
14026417
14026418
14026531
14026532
14026533
14026534
14026535
14026536
14026537
14026538
14026539
14026540
14026541
14026542
14026544
14026545
14026546
14026547
14026548
14026549
14026550
14026551
14026552
14026553
14026554
14026611
14026612
14026613
14026615
14026616
14026617
14026618
14026619
14026620
14026621
14026623
14026624
14026625
14026628
14026629
14026681
14026682
14026684
14026685
14026687
14026688
14026689
14026690
14026691
14026693
14026694
14026695
14026696
14026697
14026751
14026752
14026753
14026754
14026755
14026756
14026757
14026758
14026759
14026760
14026761
14026762
14026811
14026812
14026814
14026815
14026816
14026817
14026818
14026819
14026820
14026821
14026822
14026823
14026824
14026825
14026826
14026827
14026828
14026829
14026830
14026831
14026832
14026833
14026834
14026835
14026836
14026837
14026838
14026951
14026952
14026953
14026954
14026955
14026956
14026957
14026958
14026959
14026960
14026961
14026962
14026963
14026964
14026965
14026966
14026967
14026968
14026969
14026970
14026971
14026972
14026973
14026974
14026975
14026976
14026977
14026978
14026979
14026980
14026981
14026982
14026983
14026984
14026985
14026987
14026988
14026989
14026990
14026991
14026992
14026994
14026995
14026996
14026997
14027051
14027052
14027053
14027054
14027055
14027056
14027057
14027058
14027059
14027060
14027061
14027062
14027063
14027064
14027065
14027066
14027067
14027068
14027069
14027070
14027071
14027072
14027073
14027074
14027075
14027076
14027077
14027078
14027079
14027080
14027081
14027082
14027083
14027084
14027085
14027086
14027087
14027088
14027089
14027090
14027091
14027092
14027093
14027094
14027095
14027096
14027097
14027098
14027099
14027100
14027101
14027102
14027161
14027162
14027164
14027165
14027166
14027167
14027168
14027170
14027171
14027172
14027173
14027174
14027175
14027176
14027177
14027178
14027179
14027180
14027181
14027182
14027183
14027184
14027185
14027187
14027241
14027242
14027243
14027245
14027246
14027247
14027248
14027249
14027250
14027251
14027252
14027253
14027254
14027255
14027257
14027258
14027259
14027311
14027312
14027313
14027314
14027315
14027316
14027317
14027318
14027319
14027320
14027321
14027322
14027323
14027324
14027325
14027326
14027327
14027328
14027329
14027330
14027331
14027332
14027333
14027334
14027335
14027336
14027337
14027338
14027339
14027341
14027342
14027345
14027346
14027347
14027348
14027349
14027350
14027351
14027352
14027353
14027354
14027355
14027356
14027357
14027358
14027360
14027361
14027471
14027472
14027473
14027474
14027475
14027476
14027477
14027478
14027479
14027480
14027481
14027482
14027483
14027484
14027485
14027486
14027487
14027488
14027489
14027490
14027491
14027492
14027493
14027494
14027495
14027496
14027497
14027498
14027499
14027500
14027501
14027502
14027503
14027504
14027505
14027506
14027507
14027508
14027509
14027510
14027511
14027512
14027513
14027514
14027515
14027516
14027517
14027518
14027519
14027520
14027521
14027522
14027523
14027524
14027525
14027526
14027527
14027528
14027529
14027530
14027591
14027592
14027593
14027594
14027595
14027596
14027597
14027598
14027599
14027600
14027601
14027602
14027603
14027604
14027605
14027606
14027607
14027608
14027609
14027610
14027611
14027612
14027613
14027614
14027615
14027616
14027617
14027618
14027619
14027620
14027621
14027622
14027623
14027624
14027625
14027626
14027627
14027628
14027629
14027630
14027631
14027632
14027633
14027634
14027635
14027636
14027637
14027638
14027639
14027640
14027641
14027642
14027643
14027644
14027701
14027702
14027703
14027704
14027705
14027706
14027707
14027708
14027709
14027710
14027711
14027712
14027713
14027714
14027715
14027716
14027717
14027718
14027719
14027720
14027721
14027722
14027723
14027724
14027725
14027726
14027727
14027728
14027729
14027730
14027731
14027732
14027733
14027734
14027735
14027736
14027737
14027738
14027739
14027740
14027801
14027802
14027803
14027804
14027805
14027806
14027807
14027808
14027809
14027810
14027811
14027812
14027813
14027814
14027815
14027816
14027817
14027818
14027819
14027820
14027821
14027822
14027823
14027824
14027825
14027826
14027827
14027828
14027829
14027830
14027831
14027832
14027833
14027834
14027835
14027836
14027837
14027838
14027891
14027892
14027893
14027894
14027895
14027896
14027897
14027898
14027899
14027900
14027901
14027902
14027903
14027905
14027906
14027907
14027908
14027909
14027910
14027911
14027912
14027913
14027914
14027915
14027916
14027917
14027918
14027919
14027920
14027921
14027922
14027923
14027924
14027925
14027926
14027927
14027928
14027929
14027930
14027931
14027932
14027933
14027934
14027935
14027936
14027938
14027939
14027940
14027941
14027942
14027943
14027944
14027945
14027946
14027947
14027948
14027949
14027950
14027951
14027952
14027953
14028071
14028072
14028073
14028074
14028075
14028076
14028077
14028078
14028079
14028080
14028082
14028083
14028084
14028085
14028086
14028087
14028088
14028090
14028091
14028092
14028093
14028094
14028095
14028151
14028211
14028212
14028271
14028272
14028273
14028274
14028275
14028276
14028277
14028278
14028279
14028280
14028281
14028282
14028283
14028284
14028285
14028286
14028287
14028288
14028289
14028290
14028291
14028292
14028293
14028294
14028351
14028352
14028353
14028354
14028355
14028356
14028357
14028359
14028360
14028361
14028362
14028363
14028364
14028365
14028366
14028367
14028368
14028369
14028370
14028371
14028372
14028373
14028374
14028375
14028376
14028377
14028378
14028379
14028380
14028381
14028382
