14019711
14019712
14019713
14019714
14019715
14019716
14019717
14019718
14019719
14019720
14019721
14019722
14019723
14019724
14019725
14019726
14019727
14019728
14019729
14019730
14019731
14019732
14019733
14019734
14019735
14019736
14019737
14019738
14019739
14019740
14019741
14019742
14019743
14019744
14019745
14019746
14019748
14019749
14019750
14019751
14019752
14019753
14019754
14019755
14019757
14019758
14019759
14019760
14019761
14019762
14019763
14019764
14019765
14019766
14019767
14019768
14019769
14019770
14019771
14019772
14019773
14019774
14019775
14019776
14019777
14019778
14019779
14019780
14019781
14019782
14019783
14019784
14019785
14019786
14019787
14019788
14019789
14019790
14019791
14019792
14019793
14019794
14019795
14019796
14019797
14019798
14019799
14019800
14019801
14019861
14019862
14019864
14019865
14019866
14019867
14019868
14019869
14019870
14019871
14019872
14019873
14019874
14019875
14019876
14019877
14019878
14019879
14019880
14019881
14019882
14019883
14019884
14019885
14019886
14019887
14019888
14019889
14019890
14019891
14019892
14019893
14019894
14019895
14019896
14019897
14019898
14019899
14019900
14019901
14019902
14019903
14019904
14019905
14019906
14019907
14019908
14019909
14019910
14019911
14019912
14019913
14019914
14019915
14019916
14019917
14019918
14019919
14019920
14019921
14019922
14019923
14019924
14019925
14019926
14019927
14019928
14019929
14019930
14019931
14019932
14019933
14019934
14019935
14019936
14019937
14019938
14019939
14019940
14019941
14019942
14019943
14019944
14019945
14019946
14019947
14019948
14019949
14019950
14019951
14019952
14019953
14019954
14019955
14019956
14019957
14019958
14019959
14019960
14019961
14019962
14019963
14019964
14019965
14019966
14019967
14019968
14019969
14019970
14019971
14019972
14019973
14019974
14019975
14019976
14019977
14019978
14019979
14019980
14019981
14019982
14019983
14019984
14019985
14019986
14020041
14020042
14020043
14020044
14020045
14020046
14020047
14020048
14020049
14020050
14020051
14020052
14020053
14020054
14020055
14020056
14020057
14020058
14020059
14020060
14020061
14020062
14020063
14020064
14020065
14020066
14020067
14020069
14020071
14020072
14020073
14020074
14020075
14020076
14020077
14020078
14020079
14020080
14020081
14020084
14020085
14020086
14020087
14020088
14020089
14020090
14020091
14020092
14020093
14020094
14020095
14020096
14020097
14020098
14020099
14020100
14020101
14020102
14020103
14020104
14020105
14020106
14020107
14020108
14020109
14020110
14020111
14020112
14020113
14020114
14020116
14020117
14020118
14020119
14020120
14020121
14020122
14020123
14020124
14020125
14020126
14020127
14020181
14020182
14020183
14020184
14020185
14020186
14020187
14020188
14020189
14020190
14020191
14020192
14020193
14020194
14020195
14020196
14020197
14020198
14020199
14020200
14020201
14020202
14020203
14020204
14020205
14020206
14020207
14020208
14020209
14020210
14020211
14020212
14020213
14020214
14020216
14020217
14020218
14020219
14020220
14020221
14020222
14020223
14020224
14020225
14020226
14020227
14020228
14020229
14020230
14020231
14020232
14020233
14020234
14020235
14020236
14020237
14020238
14020239
14020240
14020241
14020242
14020243
14020244
14020245
14020246
14020247
14020248
14020249
14020250
14020251
14020252
14020253
14020254
14020255
14020256
14020257
14020258
14020259
14020260
14020261
14020262
14020263
14020264
14020265
14020266
14020267
14020268
14020269
14020270
14020271
14020272
14020273
14020274
14020275
14020276
14020277
14020278
14020279
14020280
14020281
14020282
14020283
14020284
14020285
14020286
14020287
14020288
14020289
14020290
14020291
14020292
14020293
14020294
14020295
14020296
14020297
14020298
14020351
14020352
14020353
14020354
14020355
14020356
14020357
14020358
14020359
14020360
14020361
14020362
14020363
14020364
14020365
14020366
14020367
14020368
14020370
14020371
14020372
14020373
14020374
14020375
14020376
14020377
14020378
14020379
14020380
14020381
14020382
14020383
14020384
14020385
14020386
14020389
14020390
14020391
14020393
14020394
14020395
14020396
14020397
14020398
14020399
14020451
14020452
14020453
14020454
14020455
14020456
14020457
14020458
14020459
14020460
14020461
14020462
14020463
14020464
14020465
14020466
14020467
14020468
14020469
14020470
14020471
14020472
14020473
14020474
14020475
14020476
14020477
14020478
14020479
14020480
14020481
14020482
14020483
14020484
14020485
14020486
14020487
14020488
14020489
14020490
14020491
14020492
14020493
14020494
14020495
14020496
14020497
14020498
14020499
14020500
14020501
14020502
14020503
14020504
14020505
14020506
14020507
14020508
14020509
14020510
14020511
14020512
14020513
14020514
14020515
14020516
14020517
14020518
14020519
14020520
14020521
14020522
14020523
14020524
14020525
14020526
14020527
14020528
14020529
14020530
14020531
14020532
14020533
14020534
14020535
14020536
14020537
14020538
14020539
14020540
14020541
14020542
14020543
14020544
14020545
14020546
